0.390402073364 0.647265536319 0.101073365557
0.0271750235849 0.0502714059444 0.246133598545
0.517325613287 0.585613720584 0.416776766347
0.845232700641 0.316101533282 0.819460545621
0.721790902776 0.45935295721 0.869835274223
0.670588248989 0.843345108923 0.668087243803
0.43366628089 0.899124940583 0.99285351144
0.48288434432 0.493633367653 0.299547192779
0.996393615133 0.925991055162 0.387594526382
0.297193137586 0.365577248103 0.987081127053
0.418520027319 0.0893711567562 0.44661709139
0.190742447778 0.107896450062 0.850140552681
0.375711248708 0.359276303823 0.33427011178
0.627998671859 0.763561935765 0.82808021833
0.38358953444 0.2098750229 0.254132480632
0.284179211959 0.503870487459 0.122082780446
0.900118061109 0.00979213300791 0.0601586731691
0.324729143815 0.311821795482 0.109032283978
0.755795475164 0.815922712702 0.502023707782
0.264831757053 0.0537683311569 0.237495131684
0.0376201581785 0.803564661797 0.467790694541
0.462780271787 0.147670780919 0.942122631722
0.704808184384 0.928773596428 0.492824349432
0.0800257803142 0.814907187787 0.231931504245
0.466112430229 0.161566312402 0.174694505534
0.655513613455 0.268061332195 0.828548791752
